1 14 1697 1699
2 15 1697 1698
3 6 1698 1702
4 5 1698 1700
5 5 1698 1701
6 6 1703 1704
7 5 1703 1709
8 5 1703 1710
9 6 1702 1703
10 5 1702 1707
11 5 1702 1708
12 5 1705 1713
13 5 1705 1714
14 9 1705 1706
15 6 1704 1705
16 5 1704 1711
17 5 1704 1712
18 11 1432 1431
19 11 880 596
20 11 904 903
21 12 2520 2529
22 10 2520 1697
23 11 1718 1717
24 11 596 595
25 6 778 779
26 5 778 783
27 5 778 784
28 11 66 1432
29 14 553 555
30 15 553 554
31 6 554 558
32 5 554 556
33 5 554 557
34 11 22 1718
35 6 779 780
36 5 779 785
37 5 779 786
38 6 780 781
39 5 780 787
40 5 780 788
41 12 1266 1275
42 10 1266 553
43 6 774 778
44 5 774 776
45 5 774 777
46 11 1562 904
47 14 861 863
48 15 861 862
49 5 781 789
50 5 781 790
51 9 781 782
52 11 178 177
53 6 1154 1155
54 5 1154 1161
55 5 1154 1162
56 11 2728 2422
57 6 2715 2716
58 5 2715 2721
59 5 2715 2722
60 12 188 198
61 10 188 2709
62 5 187 195
63 5 187 196
64 9 187 188
65 6 186 187
66 5 186 193
67 5 186 194
68 14 2709 2711
69 15 2709 2710
70 6 2714 2715
71 5 2714 2719
72 5 2714 2720
73 6 2710 2714
74 5 2710 2712
75 5 2710 2713
76 11 2422 2421
77 12 694 704
78 10 694 707
79 6 180 184
80 5 180 182
81 5 180 183
82 11 816 815
83 11 483 816
84 5 693 701
85 5 693 702
86 9 693 694
87 7 1155 1156
88 5 1155 1163
89 5 1155 1164
90 6 1153 1154
91 5 1153 1159
92 5 1153 1160
93 11 2309 178
94 14 707 709
95 15 707 708
96 12 2300 2310
97 10 2300 179
98 11 1190 1189
99 12 474 484
100 10 474 817
101 6 1792 1793
102 5 1792 1799
103 5 1792 1800
104 8 1794 1803
105 8 1794 1804
106 11 1540 1190
107 6 2518 2519
108 5 2518 2525
109 5 2518 2526
110 5 1441 1449
111 5 1441 1450
112 9 1441 1442
113 6 1440 1441
114 5 1440 1447
115 5 1440 1448
116 5 2519 2527
117 5 2519 2528
118 9 2519 2520
119 6 1438 1439
120 5 1438 1443
121 5 1438 1444
122 6 1439 1440
123 5 1439 1445
124 5 1439 1446
125 6 1434 1438
126 5 1434 1436
127 5 1434 1437
128 14 817 819
129 15 817 818
130 7 1793 1794
131 5 1793 1801
132 5 1793 1802
133 6 818 822
134 5 818 820
135 5 818 821
136 12 826 835
137 10 826 1279
138 8 1156 1165
139 8 1156 1166
140 6 26 30
141 5 26 28
142 5 26 29
143 11 1278 1277
144 6 823 824
145 5 823 829
146 5 823 830
147 6 824 825
148 5 824 831
149 5 824 832
150 14 1279 1281
151 15 1279 1280
152 6 185 186
153 5 185 191
154 5 185 192
155 6 184 185
156 5 184 189
157 5 184 190
158 6 822 823
159 5 822 827
160 5 822 828
161 5 825 833
162 5 825 834
163 9 825 826
164 5 1551 1559
165 5 1551 1560
166 9 1551 1552
167 12 1552 1561
168 10 1552 905
169 11 992 991
170 14 905 907
171 15 905 906
172 6 910 911
173 5 910 915
174 5 910 916
175 11 442 441
176 6 906 910
177 5 906 908
178 5 906 909
179 6 1550 1551
180 5 1550 1557
181 5 1550 1558
182 11 132 442
183 6 911 912
184 5 911 917
185 5 911 918
186 11 2642 2641
187 6 1549 1550
188 5 1549 1555
189 5 1549 1556
190 11 2706 992
191 6 912 913
192 5 912 919
193 5 912 920
194 6 2208 2209
195 5 2208 2213
196 5 2208 2214
197 5 2409 2417
198 5 2409 2418
199 9 2409 2410
200 6 2210 2211
201 5 2210 2217
202 5 2210 2218
203 8 914 923
204 8 914 924
205 7 913 914
206 5 913 921
207 5 913 922
208 11 1080 1079
209 14 179 181
210 15 179 180
211 7 275 276
212 5 275 283
213 5 275 284
214 12 2212 2221
215 10 2212 2401
216 6 712 713
217 5 712 717
218 5 712 718
219 6 274 275
220 5 274 281
221 5 274 282
222 6 708 712
223 5 708 710
224 5 708 711
225 6 2209 2210
226 5 2209 2215
227 5 2209 2216
228 5 2211 2219
229 5 2211 2220
230 9 2211 2212
231 6 2204 2208
232 5 2204 2206
233 5 2204 2207
234 12 2410 2419
235 10 2410 2687
236 11 1583 1080
237 6 444 448
238 5 444 446
239 5 444 447
240 11 2530 1696
241 11 1916 1915
242 11 638 1916
243 6 1548 1549
244 5 1548 1553
245 5 1548 1554
246 12 1068 1077
247 10 1068 1543
248 6 1791 1792
249 5 1791 1797
250 5 1791 1798
251 8 1926 1935
252 8 1926 1936
253 14 1785 1787
254 15 1785 1786
255 6 1790 1791
256 5 1790 1795
257 5 1790 1796
258 6 448 449
259 5 448 453
260 5 448 454
261 6 449 450
262 5 449 455
263 5 449 456
264 6 450 451
265 5 450 457
266 5 450 458
267 7 451 452
268 5 451 459
269 5 451 460
270 8 452 461
271 8 452 462
272 6 1786 1790
273 5 1786 1788
274 5 1786 1789
275 5 1067 1075
276 5 1067 1076
277 9 1067 1068
278 6 2028 2032
279 5 2028 2030
280 5 2028 2031
281 6 2055 2056
282 5 2055 2061
283 5 2055 2062
284 14 2203 2205
285 15 2203 2204
286 5 627 635
287 5 627 636
288 9 627 628
289 14 2049 2051
290 15 2049 2050
291 6 1038 1042
292 5 1038 1040
293 5 1038 1041
294 14 1037 1039
295 15 1037 1038
296 6 1924 1925
297 5 1924 1931
298 5 1924 1932
299 7 1925 1926
300 5 1925 1933
301 5 1925 1934
302 6 1042 1043
303 5 1042 1047
304 5 1042 1048
305 14 1917 1919
306 15 1917 1918
307 6 1923 1924
308 5 1923 1929
309 5 1923 1930
310 6 2056 2057
311 5 2056 2063
312 5 2056 2064
313 6 2050 2054
314 5 2050 2052
315 5 2050 2053
316 6 1922 1923
317 5 1922 1927
318 5 1922 1928
319 6 1918 1922
320 5 1918 1920
321 5 1918 1921
322 12 628 637
323 10 628 1917
324 8 276 285
325 8 276 286
326 6 2054 2055
327 5 2054 2059
328 5 2054 2060
329 5 2057 2065
330 5 2057 2066
331 9 2057 2058
332 11 836 1278
333 6 1990 1991
334 5 1990 1997
335 5 1990 1998
336 6 1989 1990
337 5 1989 1995
338 5 1989 1996
339 6 1988 1989
340 5 1988 1993
341 5 1988 1994
342 5 1991 1999
343 5 1991 2000
344 9 1991 1992
345 12 1992 2001
346 10 1992 2643
347 14 2643 2645
348 15 2643 2644
349 3 1939 1940
350 4 1939 1941
351 6 1944 1945
352 5 1944 1949
353 5 1944 1950
354 11 2002 2642
355 6 1945 1946
356 5 1945 1951
357 5 1945 1952
358 11 1168 1167
359 5 1947 1955
360 5 1947 1956
361 9 1947 1948
362 5 1940 1942
363 5 1940 1943
364 6 1940 1944
365 6 2583 2584
366 5 2583 2589
367 5 2583 2590
368 2 1938 1939
369 6 1984 1988
370 5 1984 1986
371 5 1984 1987
372 6 1022 1023
373 5 1022 1029
374 5 1022 1030
375 5 2651 2659
376 5 2651 2660
377 9 2651 2652
378 14 1983 1985
379 15 1983 1984
380 11 882 881
381 11 2332 882
382 12 2652 2662
383 10 2652 1983
384 6 1021 1022
385 5 1021 1027
386 5 1021 1028
387 12 1024 1033
388 10 1024 2269
389 6 1020 1021
390 5 1020 1025
391 5 1020 1026
392 5 1023 1031
393 5 1023 1032
394 9 1023 1024
395 14 2269 2271
396 15 2269 2270
397 6 2650 2651
398 5 2650 2657
399 5 2650 2658
400 11 1806 1805
401 6 2270 2274
402 5 2270 2272
403 5 2270 2273
404 11 200 199
405 11 1694 1806
406 14 575 577
407 15 575 576
408 14 2555 2557
409 15 2555 2556
410 11 1276 552
411 6 581 582
412 5 581 587
413 5 581 588
414 11 552 551
415 14 619 621
416 15 619 620
417 12 2586 2596
418 10 2586 2555
419 6 620 624
420 5 620 622
421 5 620 623
422 6 2560 2561
423 5 2560 2565
424 5 2560 2566
425 6 2556 2560
426 5 2556 2558
427 5 2556 2559
428 6 2562 2563
429 5 2562 2569
430 5 2562 2570
431 11 2554 2553
432 6 2561 2562
433 5 2561 2567
434 5 2561 2568
435 14 1543 1545
436 15 1543 1544
437 5 583 591
438 5 583 592
439 9 583 584
440 11 2595 2554
441 12 584 594
442 10 584 619
443 6 1065 1066
444 5 1065 1071
445 5 1065 1072
446 6 576 580
447 5 576 578
448 5 576 579
449 6 1066 1067
450 5 1066 1073
451 5 1066 1074
452 6 1064 1065
453 5 1064 1069
454 5 1064 1070
455 6 624 625
456 5 624 629
457 5 624 630
458 6 1544 1548
459 5 1544 1546
460 5 1544 1547
461 6 1374 1375
462 5 1374 1381
463 5 1374 1382
464 11 2661 1982
465 14 1235 1237
466 15 1235 1236
467 11 1366 1365
468 12 2564 2573
469 10 2564 2203
470 6 1016 1020
471 5 1016 1018
472 5 1016 1019
473 5 2563 2571
474 5 2563 2572
475 9 2563 2564
476 6 625 626
477 5 625 631
478 5 625 632
479 11 1982 1981
480 5 1375 1383
481 5 1375 1384
482 9 1375 1376
483 6 626 627
484 5 626 633
485 5 626 634
486 11 2398 1366
487 12 1376 1385
488 10 1376 1015
489 11 593 618
490 11 354 353
491 14 1015 1017
492 15 1015 1016
493 6 1373 1374
494 5 1373 1379
495 5 1373 1380
496 11 618 617
497 11 2488 2487
498 11 2749 2488
499 14 3 5
500 15 3 4
501 12 1662 1672
502 10 1662 3
503 6 1660 1661
504 5 1660 1667
505 5 1660 1668
506 5 1661 1669
507 5 1661 1670
508 9 1661 1662
509 6 1659 1660
510 5 1659 1665
511 5 1659 1666
512 11 2510 2509
513 6 888 889
514 5 888 893
515 5 888 894
516 6 1658 1659
517 5 1658 1663
518 5 1658 1664
519 6 884 888
520 5 884 886
521 5 884 887
522 6 889 890
523 5 889 895
524 5 889 896
525 6 1946 1947
526 5 1946 1953
527 5 1946 1954
528 6 890 891
529 5 890 897
530 5 890 898
531 12 1948 1957
532 10 1948 575
533 5 1654 1656
534 5 1654 1657
535 6 1654 1658
536 11 1715 2510
537 11 1869 1344
538 5 2431 2439
539 5 2431 2440
540 9 2431 2432
541 12 2432 2442
542 10 2432 2313
543 11 2268 2267
544 11 1034 2268
545 6 2319 2320
546 5 2319 2325
547 5 2319 2326
548 6 2320 2321
549 5 2320 2327
550 5 2320 2328
551 12 2322 2331
552 10 2322 883
553 14 883 885
554 15 883 884
555 5 2321 2329
556 5 2321 2330
557 9 2321 2322
558 11 1344 1343
559 6 2318 2319
560 5 2318 2323
561 5 2318 2324
562 14 2313 2315
563 15 2313 2314
564 6 2314 2318
565 5 2314 2316
566 5 2314 2317
567 11 725 200
568 11 772 771
569 5 55 63
570 5 55 64
571 9 55 56
572 5 1529 1537
573 5 1529 1538
574 9 1529 1530
575 12 56 65
576 10 56 1433
577 14 1433 1435
578 15 1433 1434
579 6 1528 1529
580 5 1528 1535
581 5 1528 1536
582 11 2046 2730
583 7 891 892
584 5 891 899
585 5 891 900
586 8 892 901
587 8 892 902
588 6 54 55
589 5 54 61
590 5 54 62
591 6 1526 1527
592 5 1526 1531
593 5 1526 1532
594 6 1522 1526
595 5 1522 1524
596 5 1522 1525
597 14 1521 1523
598 15 1521 1522
599 11 616 772
600 11 2730 2729
601 12 848 857
602 10 848 1521
603 6 1527 1528
604 5 1527 1533
605 5 1527 1534
606 5 143 151
607 5 143 152
608 9 143 144
609 6 142 143
610 5 142 149
611 5 142 150
612 6 1197 1198
613 5 1197 1203
614 5 1197 1204
615 6 1196 1197
616 5 1196 1201
617 5 1196 1202
618 6 141 142
619 5 141 147
620 5 141 148
621 11 1980 2378
622 6 580 581
623 5 580 585
624 5 580 586
625 6 582 583
626 5 582 589
627 5 582 590
628 12 1530 1539
629 10 1530 1191
630 6 1394 1395
631 5 1394 1399
632 5 1394 1400
633 12 1200 1210
634 10 1200 1235
635 5 1199 1207
636 5 1199 1208
637 9 1199 1200
638 6 140 141
639 5 140 145
640 5 140 146
641 11 2378 2377
642 6 1192 1196
643 5 1192 1194
644 5 1192 1195
645 6 1395 1396
646 5 1395 1401
647 5 1395 1402
648 6 1198 1199
649 5 1198 1205
650 5 1198 1206
651 14 1191 1193
652 15 1191 1192
653 12 144 153
654 10 144 1389
655 6 1218 1219
656 5 1218 1223
657 5 1218 1224
658 6 1220 1221
659 5 1220 1227
660 5 1220 1228
661 6 1219 1220
662 5 1219 1225
663 5 1219 1226
664 5 1221 1229
665 5 1221 1230
666 9 1221 1222
667 12 1222 1232
668 10 1222 465
669 11 662 661
670 6 471 472
671 5 471 477
672 5 471 478
673 14 465 467
674 15 465 466
675 5 473 481
676 5 473 482
677 9 473 474
678 11 1826 662
679 12 1442 1452
680 10 1442 1609
681 11 682 310
682 14 1609 1611
683 15 1609 1610
684 6 472 473
685 5 472 479
686 5 472 480
687 6 1416 1417
688 5 1416 1421
689 5 1416 1422
690 14 1411 1413
691 15 1411 1412
692 6 1418 1419
693 5 1418 1425
694 5 1418 1426
695 6 1214 1218
696 5 1214 1216
697 5 1214 1217
698 6 1610 1614
699 5 1610 1612
700 5 1610 1613
701 11 310 309
702 6 384 385
703 5 384 391
704 5 384 392
705 6 466 470
706 5 466 468
707 5 466 469
708 11 1122 134
709 6 383 384
710 5 383 389
711 5 383 390
712 6 470 471
713 5 470 475
714 5 470 476
715 6 405 406
716 5 405 411
717 5 405 412
718 6 406 407
719 5 406 413
720 5 406 414
721 6 1285 1286
722 5 1285 1291
723 5 1285 1292
724 6 404 405
725 5 404 409
726 5 404 410
727 5 407 415
728 5 407 416
729 9 407 408
730 6 1284 1285
731 5 1284 1289
732 5 1284 1290
733 14 399 401
734 15 399 400
735 12 738 747
736 10 738 399
737 6 400 404
738 5 400 402
739 5 400 403
740 12 408 417
741 10 408 333
742 6 1286 1287
743 5 1286 1293
744 5 1286 1294
745 6 1280 1284
746 5 1280 1282
747 5 1280 1283
748 11 134 133
749 5 1287 1295
750 5 1287 1296
751 9 1287 1288
752 5 737 745
753 5 737 746
754 9 737 738
755 11 1256 1255
756 11 1564 1563
757 11 1254 1740
758 12 782 791
759 10 782 861
760 6 559 560
761 5 559 565
762 5 559 566
763 6 558 559
764 5 558 563
765 5 558 564
766 6 598 602
767 5 598 600
768 5 598 601
769 6 602 603
770 5 602 607
771 5 602 608
772 12 870 879
773 10 870 597
774 14 597 599
775 15 597 598
776 6 604 605
777 5 604 611
778 5 604 612
779 6 603 604
780 5 603 609
781 5 603 610
782 14 773 775
783 15 773 774
784 12 606 615
785 10 606 773
786 11 1740 1739
787 11 220 1256
788 5 1265 1273
789 5 1265 1274
790 9 1265 1266
791 6 2716 2717
792 5 2716 2723
793 5 2716 2724
794 14 2423 2425
795 15 2423 2424
796 11 398 397
797 11 2617 2180
798 11 2664 2663
799 11 748 398
800 6 714 715
801 5 714 721
802 5 714 722
803 11 2463 2664
804 5 2717 2725
805 5 2717 2726
806 9 2717 2718
807 11 1847 2114
808 11 684 683
809 5 715 723
810 5 715 724
811 9 715 716
812 5 605 613
813 5 605 614
814 9 605 606
815 12 2718 2727
816 10 2718 2423
817 14 201 203
818 15 201 202
819 11 2114 2113
820 11 2180 2179
821 6 2626 2627
822 5 2626 2631
823 5 2626 2632
824 6 2627 2628
825 5 2627 2633
826 5 2627 2634
827 6 2622 2626
828 5 2622 2624
829 5 2622 2625
830 14 2621 2623
831 15 2621 2622
832 12 1046 1056
833 10 1046 2621
834 12 1420 1430
835 10 1420 1785
836 5 1419 1427
837 5 1419 1428
838 9 1419 1420
839 6 1417 1418
840 5 1417 1423
841 5 1417 1424
842 11 2620 2619
843 5 1045 1053
844 5 1045 1054
845 9 1045 1046
846 6 2628 2629
847 5 2628 2635
848 5 2628 2636
849 6 1412 1416
850 5 1412 1414
851 5 1412 1415
852 1 1893 1894
853 6 1044 1045
854 5 1044 1051
855 5 1044 1052
856 6 1043 1044
857 5 1043 1049
858 5 1043 1050
859 2 1894 1895
860 11 1055 2620
861 11 1696 1695
862 5 671 679
863 5 671 680
864 9 671 672
865 12 386 396
866 10 386 2049
867 14 333 335
868 15 333 334
869 14 311 313
870 15 311 312
871 12 672 681
872 10 672 311
873 5 341 349
874 5 341 350
875 9 341 342
876 6 334 338
877 5 334 336
878 5 334 337
879 6 339 340
880 5 339 345
881 5 339 346
882 6 338 339
883 5 338 343
884 5 338 344
885 6 316 317
886 5 316 321
887 5 316 322
888 6 340 341
889 5 340 347
890 5 340 348
891 6 312 316
892 5 312 314
893 5 312 315
894 12 1288 1297
895 10 1288 1037
896 6 670 671
897 5 670 677
898 5 670 678
899 5 385 393
900 5 385 394
901 9 385 386
902 11 68 67
903 11 351 68
904 14 421 423
905 15 421 422
906 6 98 99
907 5 98 105
908 5 98 106
909 6 560 561
910 5 560 567
911 5 560 568
912 11 572 1564
913 5 2255 2263
914 5 2255 2264
915 9 2255 2256
916 6 2254 2255
917 5 2254 2261
918 5 2254 2262
919 6 2253 2254
920 5 2253 2259
921 5 2253 2260
922 6 2252 2253
923 5 2252 2257
924 5 2252 2258
925 6 2248 2252
926 5 2248 2250
927 5 2248 2251
928 14 2247 2249
929 15 2247 2248
930 12 2146 2155
931 10 2146 2247
932 5 209 217
933 5 209 218
934 9 209 210
935 14 1257 1259
936 15 1257 1258
937 12 210 219
938 10 210 1257
939 5 561 569
940 5 561 570
941 9 561 562
942 6 1258 1262
943 5 1258 1260
944 5 1258 1261
945 6 1262 1263
946 5 1262 1267
947 5 1262 1268
948 5 2145 2153
949 5 2145 2154
950 9 2145 2146
951 12 2256 2266
952 10 2256 2137
953 5 99 107
954 5 99 108
955 9 99 100
956 6 2402 2406
957 5 2402 2404
958 5 2402 2405
959 6 1834 1835
960 5 1834 1839
961 5 1834 1840
962 6 1263 1264
963 5 1263 1269
964 5 1263 1270
965 5 319 327
966 5 319 328
967 9 319 320
968 6 202 206
969 5 202 204
970 5 202 205
971 6 208 209
972 5 208 215
973 5 208 216
974 6 207 208
975 5 207 213
976 5 207 214
977 11 2222 2400
978 12 716 726
979 10 716 201
980 12 320 329
981 10 320 1829
982 14 2401 2403
983 15 2401 2402
984 6 2408 2409
985 5 2408 2415
986 5 2408 2416
987 6 1830 1834
988 5 1830 1832
989 5 1830 1833
990 14 1829 1831
991 15 1829 1830
992 6 2407 2408
993 5 2407 2413
994 5 2407 2414
995 6 206 207
996 5 206 211
997 5 206 212
998 6 318 319
999 5 318 325
1000 5 318 326
1001 11 2400 2399
1002 6 2406 2407
1003 5 2406 2411
1004 5 2406 2412
1005 6 317 318
1006 5 317 323
1007 5 317 324
1008 6 713 714
1009 5 713 719
1010 5 713 720
1011 6 1264 1265
1012 5 1264 1271
1013 5 1264 1272
1014 11 2639 2092
1015 12 2630 2640
1016 10 2630 2093
1017 11 2092 2091
1018 11 1078 1542
1019 6 1746 1747
1020 5 1746 1751
1021 5 1746 1752
1022 12 958 967
1023 10 958 1059
1024 14 1059 1061
1025 15 1059 1060
1026 11 1542 1541
1027 11 838 837
1028 11 486 485
1029 6 1060 1064
1030 5 1060 1062
1031 5 1060 1063
1032 14 1741 1743
1033 15 1741 1742
1034 12 1244 1253
1035 10 1244 1741
1036 11 2507 486
1037 11 464 463
1038 11 1231 464
1039 6 1742 1746
1040 5 1742 1744
1041 5 1742 1745
1042 11 1628 838
1043 6 956 957
1044 5 956 963
1045 5 956 964
1046 5 957 965
1047 5 957 966
1048 9 957 958
1049 5 2629 2637
1050 5 2629 2638
1051 9 2629 2630
1052 12 2498 2508
1053 10 2498 487
1054 6 1242 1243
1055 5 1242 1249
1056 5 1242 1250
1057 5 1243 1251
1058 5 1243 1252
1059 9 1243 1244
1060 6 664 668
1061 5 664 666
1062 5 664 667
1063 12 1816 1825
1064 10 1816 663
1065 14 663 665
1066 15 663 664
1067 6 1241 1242
1068 5 1241 1247
1069 5 1241 1248
1070 6 668 669
1071 5 668 673
1072 5 668 674
1073 6 1240 1241
1074 5 1240 1245
1075 5 1240 1246
1076 6 1236 1240
1077 5 1236 1238
1078 5 1236 1239
1079 5 2497 2505
1080 5 2497 2506
1081 9 2497 2498
1082 14 487 489
1083 15 487 488
1084 6 488 492
1085 5 488 490
1086 5 488 491
1087 6 669 670
1088 5 669 675
1089 5 669 676
1090 6 1680 1681
1091 5 1680 1685
1092 5 1680 1686
1093 6 1676 1680
1094 5 1676 1678
1095 5 1676 1679
1096 11 395 2048
1097 5 92 94
1098 5 92 95
1099 6 92 96
1100 6 1747 1748
1101 5 1747 1753
1102 5 1747 1754
1103 11 2048 2047
1104 6 1748 1749
1105 5 1748 1755
1106 5 1748 1756
1107 6 96 97
1108 5 96 101
1109 5 96 102
1110 11 2265 2136
1111 11 2136 2135
1112 3 91 92
1113 4 91 93
1114 12 100 109
1115 10 100 421
1116 5 1749 1757
1117 5 1749 1758
1118 9 1749 1750
1119 12 1750 1760
1120 10 1750 1169
1121 1 89 90
1122 6 2644 2648
1123 5 2644 2646
1124 5 2644 2647
1125 11 1759 1168
1126 2 90 91
1127 6 97 98
1128 5 97 103
1129 5 97 104
1130 6 2648 2649
1131 5 2648 2653
1132 5 2648 2654
1133 6 1813 1814
1134 5 1813 1819
1135 5 1813 1820
1136 5 1815 1823
1137 5 1815 1824
1138 9 1815 1816
1139 6 2649 2650
1140 5 2649 2655
1141 5 2649 2656
1142 6 2275 2276
1143 5 2275 2281
1144 5 2275 2282
1145 6 1808 1812
1146 5 1808 1810
1147 5 1808 1811
1148 6 2274 2275
1149 5 2274 2279
1150 5 2274 2280
1151 6 1814 1815
1152 5 1814 1821
1153 5 1814 1822
1154 6 2276 2277
1155 5 2276 2283
1156 5 2276 2284
1157 6 1812 1813
1158 5 1812 1817
1159 5 1812 1818
1160 5 2277 2285
1161 5 2277 2286
1162 9 2277 2278
1163 6 758 759
1164 5 758 765
1165 5 758 766
1166 5 1617 1625
1167 5 1617 1626
1168 9 1617 1618
1169 5 759 767
1170 5 759 768
1171 9 759 760
1172 11 1960 1959
1173 11 1407 1960
1174 12 1618 1627
1175 10 1618 839
1176 14 839 841
1177 15 839 840
1178 6 840 844
1179 5 840 842
1180 5 840 843
1181 5 2079 2087
1182 5 2079 2088
1183 9 2079 2080
1184 12 2080 2090
1185 10 2080 1103
1186 11 1520 1519
1187 6 52 53
1188 5 52 57
1189 5 52 58
1190 11 858 1520
1191 12 760 769
1192 10 760 1763
1193 6 1616 1617
1194 5 1616 1623
1195 5 1616 1624
1196 6 1615 1616
1197 5 1615 1621
1198 5 1615 1622
1199 6 1614 1615
1200 5 1614 1619
1201 5 1614 1620
1202 6 845 846
1203 5 845 851
1204 5 845 852
1205 6 844 845
1206 5 844 849
1207 5 844 850
1208 14 1675 1677
1209 15 1675 1676
1210 12 2344 2354
1211 10 2344 1675
1212 5 847 855
1213 5 847 856
1214 9 847 848
1215 6 846 847
1216 5 846 853
1217 5 846 854
1218 5 1111 1119
1219 5 1111 1120
1220 9 1111 1112
1221 6 1109 1110
1222 5 1109 1115
1223 5 1109 1116
1224 6 1108 1109
1225 5 1108 1113
1226 5 1108 1114
1227 6 1104 1108
1228 5 1104 1106
1229 5 1104 1107
1230 14 1103 1105
1231 15 1103 1104
1232 6 1110 1111
1233 5 1110 1117
1234 5 1110 1118
1235 12 1112 1121
1236 10 1112 135
1237 14 135 137
1238 15 135 136
1239 6 1681 1682
1240 5 1681 1687
1241 5 1681 1688
1242 6 136 140
1243 5 136 138
1244 5 136 139
1245 12 1178 1188
1246 10 1178 509
1247 1 1937 1938
1248 6 752 756
1249 5 752 754
1250 5 752 755
1251 6 757 758
1252 5 757 763
1253 5 757 764
1254 6 756 757
1255 5 756 761
1256 5 756 762
1257 3 1653 1654
1258 4 1653 1655
1259 6 1174 1175
1260 5 1174 1179
1261 5 1174 1180
1262 6 1175 1176
1263 5 1175 1181
1264 5 1175 1182
1265 6 1176 1177
1266 5 1176 1183
1267 5 1176 1184
1268 6 2076 2077
1269 5 2076 2081
1270 5 2076 2082
1271 5 1177 1185
1272 5 1177 1186
1273 9 1177 1178
1274 6 2072 2076
1275 5 2072 2074
1276 5 2072 2075
1277 6 2077 2078
1278 5 2077 2083
1279 5 2077 2084
1280 6 1170 1174
1281 5 1170 1172
1282 5 1170 1173
1283 2 1652 1653
1284 1 1651 1652
1285 14 2071 2073
1286 15 2071 2072
1287 6 2078 2079
1288 5 2078 2085
1289 5 2078 2086
1290 14 1169 1171
1291 15 1169 1170
1292 14 2665 2667
1293 15 2665 2666
1294 6 2671 2672
1295 5 2671 2677
1296 5 2671 2678
1297 11 332 331
1298 6 2670 2671
1299 5 2670 2675
1300 5 2670 2676
1301 6 2424 2428
1302 5 2424 2426
1303 5 2424 2427
1304 11 527 640
1305 12 2454 2464
1306 10 2454 2665
1307 6 2429 2430
1308 5 2429 2435
1309 5 2429 2436
1310 12 2674 2683
1311 10 2674 2071
1312 6 2672 2673
1313 5 2672 2679
1314 5 2672 2680
1315 11 640 639
1316 6 1682 1683
1317 5 1682 1689
1318 5 1682 1690
1319 11 1209 1234
1320 5 1683 1691
1321 5 1683 1692
1322 9 1683 1684
1323 11 1234 1233
1324 6 2666 2670
1325 5 2666 2668
1326 5 2666 2669
1327 12 1684 1693
1328 10 1684 1807
1329 5 2673 2681
1330 5 2673 2682
1331 9 2673 2674
1332 6 2430 2431
1333 5 2430 2437
1334 5 2430 2438
1335 14 1807 1809
1336 15 1807 1808
1337 11 418 332
1338 14 685 687
1339 15 685 686
1340 6 690 691
1341 5 690 695
1342 5 690 696
1343 6 686 690
1344 5 686 688
1345 5 686 689
1346 6 691 692
1347 5 691 697
1348 5 691 698
1349 12 2168 2177
1350 10 2168 2291
1351 14 1147 1149
1352 15 1147 1148
1353 6 2292 2296
1354 5 2292 2294
1355 5 2292 2295
1356 5 297 305
1357 5 297 306
1358 9 297 298
1359 6 296 297
1360 5 296 303
1361 5 296 304
1362 6 295 296
1363 5 295 301
1364 5 295 302
1365 6 2298 2299
1366 5 2298 2305
1367 5 2298 2306
1368 6 294 295
1369 5 294 299
1370 5 294 300
1371 12 298 308
1372 10 298 1147
1373 6 1148 1152
1374 5 1148 1150
1375 5 1148 1151
1376 6 692 693
1377 5 692 699
1378 5 692 700
1379 14 355 357
1380 15 355 356
1381 6 356 360
1382 5 356 358
1383 5 356 359
1384 6 360 361
1385 5 360 365
1386 5 360 366
1387 6 2516 2517
1388 5 2516 2521
1389 5 2516 2522
1390 5 290 292
1391 5 290 293
1392 6 290 294
1393 12 1706 1716
1394 10 1706 2511
1395 5 2167 2175
1396 5 2167 2176
1397 9 2167 2168
1398 2 288 289
1399 12 2542 2552
1400 10 2542 2159
1401 14 2159 2161
1402 15 2159 2160
1403 6 2160 2164
1404 5 2160 2162
1405 5 2160 2163
1406 6 2164 2165
1407 5 2164 2169
1408 5 2164 2170
1409 11 2576 2575
1410 1 287 288
1411 3 289 290
1412 4 289 291
1413 6 2165 2166
1414 5 2165 2171
1415 5 2165 2172
1416 6 2540 2541
1417 5 2540 2547
1418 5 2540 2548
1419 6 2512 2516
1420 5 2512 2514
1421 5 2512 2515
1422 14 2511 2513
1423 15 2511 2512
1424 6 2517 2518
1425 5 2517 2523
1426 5 2517 2524
1427 5 2541 2549
1428 5 2541 2550
1429 9 2541 2542
1430 11 1650 2576
1431 6 862 866
1432 5 862 864
1433 5 862 865
1434 6 730 734
1435 5 730 732
1436 5 730 733
1437 14 2291 2293
1438 15 2291 2292
1439 5 33 41
1440 5 33 42
1441 9 33 34
1442 6 2296 2297
1443 5 2296 2301
1444 5 2296 2302
1445 6 2297 2298
1446 5 2297 2303
1447 5 2297 2304
1448 12 34 44
1449 10 34 355
1450 6 1726 1727
1451 5 1726 1733
1452 5 1726 1734
1453 12 1728 1738
1454 10 1728 729
1455 11 1674 1673
1456 6 32 33
1457 5 32 39
1458 5 32 40
1459 14 25 27
1460 15 25 26
1461 6 31 32
1462 5 31 37
1463 5 31 38
1464 11 2598 2597
1465 11 1364 2598
1466 12 2476 2485
1467 10 2476 2225
1468 11 2353 1674
1469 6 2474 2475
1470 5 2474 2481
1471 5 2474 2482
1472 14 2225 2227
1473 15 2225 2226
1474 11 2243 2026
1475 11 2026 2025
1476 14 729 731
1477 15 729 730
1478 6 30 31
1479 5 30 35
1480 5 30 36
1481 6 2166 2167
1482 5 2166 2173
1483 5 2166 2174
1484 5 2468 2470
1485 5 2468 2471
1486 6 2468 2472
1487 11 1058 1057
1488 11 2067 24
1489 6 2232 2233
1490 5 2232 2239
1491 5 2232 2240
1492 11 968 1058
1493 11 1451 1608
1494 6 2230 2231
1495 5 2230 2235
1496 5 2230 2236
1497 6 2226 2230
1498 5 2226 2228
1499 5 2226 2229
1500 5 2475 2483
1501 5 2475 2484
1502 9 2475 2476
1503 6 2231 2232
1504 5 2231 2237
1505 5 2231 2238
1506 6 1724 1725
1507 5 1724 1729
1508 5 1724 1730
1509 11 1608 1607
1510 11 24 23
1511 14 1719 1721
1512 15 1719 1720
1513 1 2465 2466
1514 11 1298 1036
1515 5 2233 2241
1516 5 2233 2242
1517 9 2233 2234
1518 6 272 273
1519 5 272 277
1520 5 272 278
1521 6 1088 1089
1522 5 1088 1095
1523 5 1088 1096
1524 6 1086 1087
1525 5 1086 1091
1526 5 1086 1092
1527 6 1082 1086
1528 5 1082 1084
1529 5 1082 1085
1530 5 1089 1097
1531 5 1089 1098
1532 9 1089 1090
1533 6 1087 1088
1534 5 1087 1093
1535 5 1087 1094
1536 6 2688 2692
1537 5 2688 2690
1538 5 2688 2691
1539 11 706 705
1540 14 1081 1083
1541 15 1081 1082
1542 14 2687 2689
1543 15 2687 2688
1544 11 703 706
1545 12 1090 1100
1546 10 1090 685
1547 6 1858 1859
1548 5 1858 1865
1549 5 1858 1866
1550 14 1587 1589
1551 15 1587 1588
1552 5 2299 2307
1553 5 2299 2308
1554 9 2299 2300
1555 6 1570 1571
1556 5 1570 1575
1557 5 1570 1576
1558 12 1574 1584
1559 10 1574 1081
1560 5 1573 1581
1561 5 1573 1582
1562 9 1573 1574
1563 11 1630 1629
1564 6 1350 1351
1565 5 1350 1355
1566 5 1350 1356
1567 12 1640 1649
1568 10 1640 2577
1569 6 114 118
1570 5 114 116
1571 5 114 117
1572 6 1572 1573
1573 5 1572 1579
1574 5 1572 1580
1575 6 1571 1572
1576 5 1571 1577
1577 5 1571 1578
1578 6 1566 1570
1579 5 1566 1568
1580 5 1566 1569
1581 11 439 1630
1582 6 1351 1352
1583 5 1351 1357
1584 5 1351 1358
1585 12 1860 1870
1586 10 1860 1345
1587 14 2577 2579
1588 15 2577 2578
1589 5 1639 1647
1590 5 1639 1648
1591 9 1639 1640
1592 6 1346 1350
1593 5 1346 1348
1594 5 1346 1349
1595 14 1345 1347
1596 15 1345 1346
1597 6 1638 1639
1598 5 1638 1645
1599 5 1638 1646
1600 5 1859 1867
1601 5 1859 1868
1602 9 1859 1860
1603 6 273 274
1604 5 273 279
1605 5 273 280
1606 6 268 272
1607 5 268 270
1608 5 268 271
1609 6 1352 1353
1610 5 1352 1359
1611 5 1352 1360
1612 11 43 354
1613 11 2178 2290
1614 11 1496 1586
1615 6 2490 2494
1616 5 2490 2492
1617 5 2490 2493
1618 5 1353 1361
1619 5 1353 1362
1620 9 1353 1354
1621 11 1586 1585
1622 14 2489 2491
1623 15 2489 2490
1624 14 267 269
1625 15 267 268
1626 12 1002 1012
1627 10 1002 267
1628 12 2740 2750
1629 10 2740 2489
1630 5 2739 2747
1631 5 2739 2748
1632 9 2739 2740
1633 5 1001 1009
1634 5 1001 1010
1635 9 1001 1002
1636 6 2738 2739
1637 5 2738 2745
1638 5 2738 2746
1639 12 1354 1363
1640 10 1354 2599
1641 6 1000 1001
1642 5 1000 1007
1643 5 1000 1008
1644 12 2058 2068
1645 10 2058 25
1646 6 2032 2033
1647 5 2032 2037
1648 5 2032 2038
1649 14 2027 2029
1650 15 2027 2028
1651 6 2736 2737
1652 5 2736 2741
1653 5 2736 2742
1654 5 2035 2043
1655 5 2035 2044
1656 9 2035 2036
1657 6 119 120
1658 5 119 125
1659 5 119 126
1660 6 2600 2604
1661 5 2600 2602
1662 5 2600 2603
1663 6 118 119
1664 5 118 123
1665 5 118 124
1666 6 2604 2605
1667 5 2604 2609
1668 5 2604 2610
1669 6 2737 2738
1670 5 2737 2743
1671 5 2737 2744
1672 12 122 131
1673 10 122 443
1674 6 120 121
1675 5 120 127
1676 5 120 128
1677 6 2605 2606
1678 5 2605 2611
1679 5 2605 2612
1680 12 2036 2045
1681 10 2036 2731
1682 14 443 445
1683 15 443 444
1684 5 121 129
1685 5 121 130
1686 9 121 122
1687 14 2599 2601
1688 15 2599 2600
1689 6 2034 2035
1690 5 2034 2041
1691 5 2034 2042
1692 6 2732 2736
1693 5 2732 2734
1694 5 2732 2735
1695 6 2033 2034
1696 5 2033 2039
1697 5 2033 2040
1698 12 2234 2244
1699 10 2234 2027
1700 5 2695 2703
1701 5 2695 2704
1702 9 2695 2696
1703 12 2696 2705
1704 10 2696 993
1705 14 993 995
1706 15 993 994
1707 6 2693 2694
1708 5 2693 2699
1709 5 2693 2700
1710 11 728 727
1711 11 1737 728
1712 6 994 998
1713 5 994 996
1714 5 994 997
1715 6 2694 2695
1716 5 2694 2701
1717 5 2694 2702
1718 11 970 969
1719 11 222 221
1720 12 1134 1143
1721 10 1134 223
1722 11 2444 2443
1723 5 1133 1141
1724 5 1133 1142
1725 9 1133 1134
1726 11 946 1454
1727 11 374 2444
1728 11 1144 222
1729 6 2692 2693
1730 5 2692 2697
1731 5 2692 2698
1732 11 88 970
1733 6 1132 1133
1734 5 1132 1139
1735 5 1132 1140
1736 11 1454 1453
1737 6 1637 1638
1738 5 1637 1643
1739 5 1637 1644
1740 6 1636 1637
1741 5 1636 1641
1742 5 1636 1642
1743 12 650 659
1744 10 650 113
1745 6 646 647
1746 5 646 651
1747 5 646 652
1748 5 649 657
1749 5 649 658
1750 9 649 650
1751 6 648 649
1752 5 648 655
1753 5 648 656
1754 6 647 648
1755 5 647 653
1756 5 647 654
1757 6 642 646
1758 5 642 644
1759 5 642 645
1760 5 2585 2593
1761 5 2585 2594
1762 9 2585 2586
1763 14 641 643
1764 15 641 642
1765 6 2578 2582
1766 5 2578 2580
1767 5 2578 2581
1768 6 1130 1131
1769 5 1130 1135
1770 5 1130 1136
1771 6 2584 2585
1772 5 2584 2591
1773 5 2584 2592
1774 6 1632 1636
1775 5 1632 1634
1776 5 1632 1635
1777 14 113 115
1778 15 113 114
1779 6 2582 2583
1780 5 2582 2587
1781 5 2582 2588
1782 6 1131 1132
1783 5 1131 1137
1784 5 1131 1138
1785 6 998 999
1786 5 998 1003
1787 5 998 1004
1788 6 2364 2365
1789 5 2364 2371
1790 5 2364 2372
1791 11 1014 1013
1792 6 2386 2387
1793 5 2386 2393
1794 5 2386 2394
1795 14 927 929
1796 15 927 928
1797 6 928 932
1798 5 928 930
1799 5 928 931
1800 5 2387 2395
1801 5 2387 2396
1802 9 2387 2388
1803 12 2388 2397
1804 10 2388 1367
1805 14 1367 1369
1806 15 1367 1368
1807 6 1368 1372
1808 5 1368 1370
1809 5 1368 1371
1810 6 1372 1373
1811 5 1372 1377
1812 5 1372 1378
1813 6 932 933
1814 5 932 937
1815 5 932 938
1816 12 2366 2375
1817 10 2366 927
1818 6 999 1000
1819 5 999 1005
1820 5 999 1006
1821 11 1386 1014
1822 11 660 112
1823 11 948 947
1824 14 1455 1457
1825 15 1455 1456
1826 14 2731 2733
1827 15 2731 2732
1828 6 934 935
1829 5 934 941
1830 5 934 942
1831 5 935 943
1832 5 935 944
1833 9 935 936
1834 6 933 934
1835 5 933 939
1836 5 933 940
1837 6 955 956
1838 5 955 961
1839 5 955 962
1840 11 1410 1409
1841 11 112 111
1842 11 1913 1410
1843 11 2024 948
1844 12 936 945
1845 10 936 1455
1846 6 1456 1460
1847 5 1456 1458
1848 5 1456 1459
1849 11 2532 2531
1850 6 2380 2384
1851 5 2380 2382
1852 5 2380 2383
1853 11 2202 2201
1854 6 362 363
1855 5 362 369
1856 5 362 370
1857 11 2574 2202
1858 6 361 362
1859 5 361 367
1860 5 361 368
1861 11 1474 2532
1862 5 363 371
1863 5 363 372
1864 9 363 364
1865 12 364 373
1866 10 364 2445
1867 6 2446 2450
1868 5 2446 2448
1869 5 2446 2449
1870 14 2445 2447
1871 15 2445 2446
1872 14 223 225
1873 15 223 224
1874 6 2450 2451
1875 5 2450 2455
1876 5 2450 2456
1877 11 2420 2686
1878 11 1476 1475
1879 11 2288 1476
1880 14 2379 2381
1881 15 2379 2380
1882 6 1152 1153
1883 5 1152 1157
1884 5 1152 1158
1885 11 2686 2685
1886 6 2451 2452
1887 5 2451 2457
1888 5 2451 2458
1889 5 517 525
1890 5 517 526
1891 9 517 518
1892 6 8 9
1893 5 8 13
1894 5 8 14
1895 6 9 10
1896 5 9 15
1897 5 9 16
1898 6 1462 1463
1899 5 1462 1469
1900 5 1462 1470
1901 5 1463 1471
1902 5 1463 1472
1903 9 1463 1464
1904 12 1464 1473
1905 10 1464 2533
1906 14 2533 2535
1907 15 2533 2534
1908 6 2538 2539
1909 5 2538 2543
1910 5 2538 2544
1911 6 2534 2538
1912 5 2534 2536
1913 5 2534 2537
1914 6 2539 2540
1915 5 2539 2545
1916 5 2539 2546
1917 6 4 8
1918 5 4 6
1919 5 4 7
1920 12 518 528
1921 10 518 641
1922 6 516 517
1923 5 516 523
1924 5 516 524
1925 6 1461 1462
1926 5 1461 1467
1927 5 1461 1468
1928 14 509 511
1929 15 509 510
1930 6 510 514
1931 5 510 512
1932 5 510 513
1933 11 505 2356
1934 14 1389 1391
1935 15 1389 1390
1936 6 2384 2385
1937 5 2384 2389
1938 5 2384 2390
1939 11 1958 574
1940 6 1396 1397
1941 5 1396 1403
1942 5 1396 1404
1943 12 1398 1408
1944 10 1398 1961
1945 11 574 573
1946 14 1961 1963
1947 15 1961 1962
1948 11 1762 1761
1949 6 1962 1966
1950 5 1962 1964
1951 5 1962 1965
1952 5 1397 1405
1953 5 1397 1406
1954 9 1397 1398
1955 6 1966 1967
1956 5 1966 1971
1957 5 1966 1972
1958 11 770 1762
1959 12 1970 1979
1960 10 1970 2379
1961 6 1967 1968
1962 5 1967 1973
1963 5 1967 1974
1964 6 1390 1394
1965 5 1390 1392
1966 5 1390 1393
1967 11 154 1388
1968 5 1727 1735
1969 5 1727 1736
1970 9 1727 1728
1971 6 1725 1726
1972 5 1725 1731
1973 5 1725 1732
1974 6 2385 2386
1975 5 2385 2391
1976 5 2385 2392
1977 12 12 21
1978 10 12 1719
1979 6 1720 1724
1980 5 1720 1722
1981 5 1720 1723
1982 6 10 11
1983 5 10 17
1984 5 10 18
1985 5 2013 2021
1986 5 2013 2022
1987 9 2013 2014
1988 6 1460 1461
1989 5 1460 1465
1990 5 1460 1466
1991 14 949 951
1992 15 949 950
1993 6 1968 1969
1994 5 1968 1975
1995 5 1968 1976
1996 2 2466 2467
1997 5 11 19
1998 5 11 20
1999 9 11 12
2000 6 950 954
2001 5 950 952
2002 5 950 953
2003 5 1969 1977
2004 5 1969 1978
2005 9 1969 1970
2006 12 2014 2023
2007 10 2014 949
2008 6 954 955
2009 5 954 959
2010 5 954 960
2011 6 2012 2013
2012 5 2012 2019
2013 5 2012 2020
2014 6 2011 2012
2015 5 2011 2017
2016 5 2011 2018
2017 12 540 550
2018 10 540 377
2019 14 377 379
2020 15 377 378
2021 5 539 547
2022 5 539 548
2023 9 539 540
2024 6 378 382
2025 5 378 380
2026 5 378 381
2027 6 537 538
2028 5 537 543
2029 5 537 544
2030 6 538 539
2031 5 538 545
2032 5 538 546
2033 6 382 383
2034 5 382 387
2035 5 382 388
2036 11 794 793
2037 11 990 794
2038 6 735 736
2039 5 735 741
2040 5 735 742
2041 11 860 859
2042 6 536 537
2043 5 536 541
2044 5 536 542
2045 6 734 735
2046 5 734 739
2047 5 734 740
2048 11 792 860
2049 6 736 737
2050 5 736 743
2051 5 736 744
2052 14 2181 2183
2053 15 2181 2182
2054 6 2473 2474
2055 5 2473 2479
2056 5 2473 2480
2057 12 2190 2199
2058 10 2190 1213
2059 5 2189 2197
2060 5 2189 2198
2061 9 2189 2190
2062 6 2182 2186
2063 5 2182 2184
2064 5 2182 2185
2065 6 2187 2188
2066 5 2187 2193
2067 5 2187 2194
2068 6 2188 2189
2069 5 2188 2195
2070 5 2188 2196
2071 6 2186 2187
2072 5 2186 2191
2073 5 2186 2192
2074 14 1213 1215
2075 15 1213 1214
2076 11 1429 1784
2077 3 2467 2468
2078 4 2467 2469
2079 11 1036 1035
2080 11 1784 1783
2081 6 2472 2473
2082 5 2472 2477
2083 5 2472 2478
2084 11 1850 1849
2085 5 532 534
2086 5 532 535
2087 6 532 536
2088 6 800 801
2089 5 800 805
2090 5 800 806
2091 6 1852 1856
2092 5 1852 1854
2093 5 1852 1855
2094 6 801 802
2095 5 801 807
2096 5 801 808
2097 14 1851 1853
2098 15 1851 1852
2099 6 802 803
2100 5 802 809
2101 5 802 810
2102 5 803 811
2103 5 803 812
2104 9 803 804
2105 12 804 813
2106 10 804 1851
2107 3 531 532
2108 4 531 533
2109 2 530 531
2110 1 529 530
2111 11 814 1850
2112 11 1099 684
2113 6 796 800
2114 5 796 798
2115 5 796 799
2116 11 926 925
2117 11 1146 1145
2118 6 867 868
2119 5 867 873
2120 5 867 874
2121 11 1187 508
2122 5 869 877
2123 5 869 878
2124 9 869 870
2125 11 1212 1211
2126 11 2200 1212
2127 6 868 869
2128 5 868 875
2129 5 868 876
2130 11 2246 2245
2131 11 2004 2003
2132 11 2156 2246
2133 11 1011 266
2134 11 266 265
2135 11 2376 926
2136 6 866 867
2137 5 866 871
2138 5 866 872
2139 6 2120 2121
2140 5 2120 2125
2141 5 2120 2126
2142 14 1873 1875
2143 15 1873 1874
2144 14 69 71
2145 15 69 70
2146 11 2224 2223
2147 11 376 375
2148 12 166 176
2149 10 166 1873
2150 11 549 376
2151 11 2486 2224
2152 11 1892 244
2153 11 244 243
2154 12 342 352
2155 10 342 69
2156 12 2608 2618
2157 10 2608 2181
2158 5 165 173
2159 5 165 174
2160 9 165 166
2161 11 2290 2289
2162 12 2124 2134
2163 10 2124 1301
2164 6 1874 1878
2165 5 1874 1876
2166 5 1874 1877
2167 11 330 1828
2168 6 1901 1902
2169 5 1901 1907
2170 5 1901 1908
2171 5 1896 1898
2172 5 1896 1899
2173 6 1896 1900
2174 6 163 164
2175 5 163 169
2176 5 163 170
2177 6 162 163
2178 5 162 167
2179 5 162 168
2180 6 164 165
2181 5 164 171
2182 5 164 172
2183 6 1900 1901
2184 5 1900 1905
2185 5 1900 1906
2186 11 1606 156
2187 5 2607 2615
2188 5 2607 2616
2189 9 2607 2608
2190 12 1904 1914
2191 10 1904 1411
2192 5 1903 1911
2193 5 1903 1912
2194 9 1903 1904
2195 6 1902 1903
2196 5 1902 1909
2197 5 1902 1910
2198 11 156 155
2199 7 2101 2102
2200 5 2101 2109
2201 5 2101 2110
2202 6 2606 2607
2203 5 2606 2613
2204 5 2606 2614
2205 3 1895 1896
2206 4 1895 1897
2207 6 2099 2100
2208 5 2099 2105
2209 5 2099 2106
2210 6 2116 2120
2211 5 2116 2118
2212 5 2116 2119
2213 6 1835 1836
2214 5 1835 1841
2215 5 1835 1842
2216 6 1856 1857
2217 5 1856 1861
2218 5 1856 1862
2219 5 1837 1845
2220 5 1837 1846
2221 9 1837 1838
2222 6 2122 2123
2223 5 2122 2129
2224 5 2122 2130
2225 5 2123 2131
2226 5 2123 2132
2227 9 2123 2124
2228 12 1838 1848
2229 10 1838 2115
2230 6 2121 2122
2231 5 2121 2127
2232 5 2121 2128
2233 11 1828 1827
2234 6 1836 1837
2235 5 1836 1843
2236 5 1836 1844
2237 6 1592 1593
2238 5 1592 1597
2239 5 1592 1598
2240 6 1482 1483
2241 5 1482 1487
2242 5 1482 1488
2243 6 1484 1485
2244 5 1484 1491
2245 5 1484 1492
2246 6 1483 1484
2247 5 1483 1489
2248 5 1483 1490
2249 5 1485 1493
2250 5 1485 1494
2251 9 1485 1486
2252 12 1486 1495
2253 10 1486 1587
2254 14 2115 2117
2255 15 2115 2116
2256 6 1588 1592
2257 5 1588 1590
2258 5 1588 1591
2259 6 1593 1594
2260 5 1593 1599
2261 5 1593 1600
2262 6 1857 1858
2263 5 1857 1863
2264 5 1857 1864
2265 6 1478 1482
2266 5 1478 1480
2267 5 1478 1481
2268 6 2143 2144
2269 5 2143 2149
2270 5 2143 2150
2271 6 158 162
2272 5 158 160
2273 5 158 161
2274 14 157 159
2275 15 157 158
2276 6 2144 2145
2277 5 2144 2151
2278 5 2144 2152
2279 12 562 571
2280 10 562 1565
2281 14 1565 1567
2282 15 1565 1566
2283 6 2142 2143
2284 5 2142 2147
2285 5 2142 2148
2286 6 1594 1595
2287 5 1594 1601
2288 5 1594 1602
2289 11 1342 2004
2290 12 1596 1605
2291 10 1596 157
2292 6 2138 2142
2293 5 2138 2140
2294 5 2138 2141
2295 11 1322 1321
2296 11 241 1322
2297 5 1595 1603
2298 5 1595 1604
2299 9 1595 1596
2300 14 2137 2139
2301 15 2137 2138
2302 6 76 77
2303 5 76 83
2304 5 76 84
2305 6 492 493
2306 5 492 497
2307 5 492 498
2308 6 1879 1880
2309 5 1879 1885
2310 5 1879 1886
2311 6 2496 2497
2312 5 2496 2503
2313 5 2496 2504
2314 6 494 495
2315 5 494 501
2316 5 494 502
2317 6 1880 1881
2318 5 1880 1887
2319 5 1880 1888
2320 6 493 494
2321 5 493 499
2322 5 493 500
2323 6 74 75
2324 5 74 79
2325 5 74 80
2326 6 1878 1879
2327 5 1878 1883
2328 5 1878 1884
2329 6 2495 2496
2330 5 2495 2501
2331 5 2495 2502
2332 5 2365 2373
2333 5 2365 2374
2334 9 2365 2366
2335 5 495 503
2336 5 495 504
2337 9 495 496
2338 14 1301 1303
2339 15 1301 1302
2340 6 70 74
2341 5 70 72
2342 5 70 73
2343 6 1302 1306
2344 5 1302 1304
2345 5 1302 1305
2346 6 1308 1309
2347 5 1308 1315
2348 5 1308 1316
2349 6 2494 2495
2350 5 2494 2499
2351 5 2494 2500
2352 6 251 252
2353 5 251 257
2354 5 251 258
2355 11 175 1872
2356 11 1872 1871
2357 6 2098 2099
2358 5 2098 2103
2359 5 2098 2104
2360 6 2100 2101
2361 5 2100 2107
2362 5 2100 2108
2363 5 1881 1889
2364 5 1881 1890
2365 9 1881 1882
2366 6 246 250
2367 5 246 248
2368 5 246 249
2369 6 250 251
2370 5 250 255
2371 5 250 256
2372 14 245 247
2373 15 245 246
2374 12 1882 1891
2375 10 1882 245
2376 6 2094 2098
2377 5 2094 2096
2378 5 2094 2097
2379 8 2102 2111
2380 8 2102 2112
2381 11 1320 2334
2382 11 2334 2333
2383 14 2093 2095
2384 15 2093 2094
2385 6 75 76
2386 5 75 81
2387 5 75 82
2388 11 1518 1124
2389 5 2453 2461
2390 5 2453 2462
2391 9 2453 2454
2392 5 77 85
2393 5 77 86
2394 9 77 78
2395 5 1309 1317
2396 5 1309 1318
2397 9 1309 1310
2398 6 1307 1308
2399 5 1307 1313
2400 5 1307 1314
2401 12 78 87
2402 10 78 971
2403 14 971 973
2404 15 971 972
2405 12 2278 2287
2406 10 2278 1477
2407 11 2312 2311
2408 11 2441 2312
2409 11 2158 2157
2410 6 1306 1307
2411 5 1306 1311
2412 5 1306 1312
2413 14 1477 1479
2414 15 1477 1478
2415 11 1124 1123
2416 11 2551 2158
2417 6 427 428
2418 5 427 433
2419 5 427 434
2420 2 1498 1499
2421 1 1497 1498
2422 11 420 419
2423 6 1126 1130
2424 5 1126 1128
2425 5 1126 1129
2426 6 1506 1507
2427 5 1506 1513
2428 5 1506 1514
2429 11 1300 1299
2430 11 2133 1300
2431 5 429 437
2432 5 429 438
2433 9 429 430
2434 14 1125 1127
2435 15 1125 1126
2436 6 1504 1505
2437 5 1504 1509
2438 5 1504 1510
2439 5 1507 1515
2440 5 1507 1516
2441 9 1507 1508
2442 12 1508 1517
2443 10 1508 1125
2444 6 422 426
2445 5 422 424
2446 5 422 425
2447 12 430 440
2448 10 430 1631
2449 11 110 420
2450 6 426 427
2451 5 426 431
2452 5 426 432
2453 6 428 429
2454 5 428 435
2455 5 428 436
2456 3 1499 1500
2457 4 1499 1501
2458 5 1500 1502
2459 5 1500 1503
2460 6 1500 1504
2461 6 1505 1506
2462 5 1505 1511
2463 5 1505 1512
2464 14 1631 1633
2465 15 1631 1632
2466 6 2341 2342
2467 5 2341 2347
2468 5 2341 2348
2469 6 2340 2341
2470 5 2340 2345
2471 5 2340 2346
2472 6 2342 2343
2473 5 2342 2349
2474 5 2342 2350
2475 6 1329 1330
2476 5 1329 1335
2477 5 1329 1336
2478 14 2357 2359
2479 15 2357 2358
2480 6 1330 1331
2481 5 1330 1337
2482 5 1330 1338
2483 11 2708 2707
2484 11 197 2708
2485 12 1310 1319
2486 10 1310 2335
2487 6 1328 1329
2488 5 1328 1333
2489 5 1328 1334
2490 5 1331 1339
2491 5 1331 1340
2492 9 1331 1332
2493 12 1332 1341
2494 10 1332 2005
2495 5 2343 2351
2496 5 2343 2352
2497 9 2343 2344
2498 11 2356 2355
2499 12 496 506
2500 10 496 2357
2501 11 264 46
2502 11 1388 1387
2503 6 2336 2340
2504 5 2336 2338
2505 5 2336 2339
2506 14 2335 2337
2507 15 2335 2336
2508 6 2358 2362
2509 5 2358 2360
2510 5 2358 2361
2511 11 46 45
2512 11 1102 1101
2513 6 53 54
2514 5 53 59
2515 5 53 60
2516 14 2005 2007
2517 15 2005 2006
2518 11 2684 2070
2519 11 2070 2069
2520 12 254 263
2521 10 254 47
2522 5 253 261
2523 5 253 262
2524 9 253 254
2525 14 47 49
2526 15 47 48
2527 6 1764 1768
2528 5 1764 1766
2529 5 1764 1767
2530 6 48 52
2531 5 48 50
2532 5 48 51
2533 11 1782 750
2534 6 252 253
2535 5 252 259
2536 5 252 260
2537 14 1763 1765
2538 15 1763 1764
2539 6 2006 2010
2540 5 2006 2008
2541 5 2006 2009
2542 11 750 749
2543 6 2362 2363
2544 5 2362 2367
2545 5 2362 2368
2546 6 2363 2364
2547 5 2363 2369
2548 5 2363 2370
2549 11 1671 2
2550 11 2 1
2551 6 2010 2011
2552 5 2010 2015
2553 5 2010 2016
2554 6 2428 2429
2555 5 2428 2433
2556 5 2428 2434
2557 6 1324 1328
2558 5 1324 1326
2559 5 1324 1327
2560 6 229 230
2561 5 229 235
2562 5 229 236
2563 6 224 228
2564 5 224 226
2565 5 224 227
2566 14 795 797
2567 15 795 796
2568 12 980 989
2569 10 980 795
2570 6 977 978
2571 5 977 983
2572 5 977 984
2573 5 979 987
2574 5 979 988
2575 9 979 980
2576 6 978 979
2577 5 978 985
2578 5 978 986
2579 6 976 977
2580 5 976 981
2581 5 976 982
2582 6 228 229
2583 5 228 233
2584 5 228 234
2585 6 2452 2453
2586 5 2452 2459
2587 5 2452 2460
2588 6 972 976
2589 5 972 974
2590 5 972 975
2591 14 1323 1325
2592 15 1323 1324
2593 11 2089 1102
2594 14 751 753
2595 15 751 752
2596 11 307 1146
2597 11 508 507
2598 5 231 239
2599 5 231 240
2600 9 231 232
2601 6 1770 1771
2602 5 1770 1777
2603 5 1770 1778
2604 6 230 231
2605 5 230 237
2606 5 230 238
2607 6 515 516
2608 5 515 521
2609 5 515 522
2610 6 514 515
2611 5 514 519
2612 5 514 520
2613 5 1771 1779
2614 5 1771 1780
2615 9 1771 1772
2616 12 1772 1781
2617 10 1772 751
2618 12 232 242
2619 10 232 1323
2620 6 1769 1770
2621 5 1769 1775
2622 5 1769 1776
2623 6 1768 1769
2624 5 1768 1773
2625 5 1768 1774